Prediction followed by Target @ Step 1
====================================================================================================
5 5 11 11 11 11 11 11 11 11 11 11 11 11 11 11 11
20 4 13 9 14 5 8 4 4 14 6 13 5 11 7 5 SEQUENCE_END

11 11 11 11 11 11 12 11 2 11 11
4 19 4 13 6 14 5 12 7 5 SEQUENCE_END

5 12 11 12 12 12 12 11 11 11 12 12 12 12 12 12 11 12 1 11
20 4 13 12 14 5 8 4 4 21 4 15 3 16 5 5 12 17 5 SEQUENCE_END

7 11 11 12 12 2
4 13 12 14 5 SEQUENCE_END

2 2 11 2 11 2 2 11 11 11 11 11 11 2 2
4 4 21 4 13 11 4 7 3 7 5 5 5 5 SEQUENCE_END

2 11 2 2 2 2
4 13 12 14 5 SEQUENCE_END

11 11 11 12 12 12 12 12 12 12 12 12 12 2
4 4 13 12 14 5 2 4 13 9 15 5 5 SEQUENCE_END

7 11 11 11 11 12 11 12 11 12 12 12 12 12 12 12 12 12 11 2 11
4 4 13 11 14 5 2 4 21 4 13 11 4 21 0 14 5 5 5 5 SEQUENCE_END

5 11 11 2 12 12 12 12 12 12 2
4 4 13 12 4 14 2 15 5 5 SEQUENCE_END

7 11 11 11 11 12 2 12 11 11
4 4 14 6 13 5 11 7 5 SEQUENCE_END

4 12 12 12 12 12 2 12 12 12 12 12 2 6 12 2 2 2 2 2
4 4 13 9 14 5 2 4 13 12 15 5 2 4 13 12 16 5 5 SEQUENCE_END

11 11 11 11 11 11
4 13 9 14 5 SEQUENCE_END

11 11 11 11 12 11
4 13 9 14 5 SEQUENCE_END

12 12 11 12 12 12 11 11 11 12 12 11 11
20 4 13 11 7 5 8 4 14 11 7 5 SEQUENCE_END

11 11 11 11 12 2
4 13 9 14 5 SEQUENCE_END

4 11 4 11 11 11 11 11 11 11 2 11 11 11
4 21 4 19 4 13 6 14 5 11 7 5 5 SEQUENCE_END

7 11 2 2 2 2
4 13 12 14 5 SEQUENCE_END

2 11 2 11 11 11 11 SEQUENCE_END 12 SEQUENCE_END 2 11 11 2
4 21 4 19 4 13 6 14 5 11 7 5 5 SEQUENCE_END

11 11 11 11 11 11
4 13 9 14 5 SEQUENCE_END

2 11 10 11 11 11 11 12 11 10 11 11 11
4 21 4 4 13 3 14 5 11 7 5 5 SEQUENCE_END

11 11 11 11 11 11
4 13 9 14 5 SEQUENCE_END

11 11 11 12 12 12
4 13 12 14 5 SEQUENCE_END

12 12 12 12 12 12
4 13 12 14 5 SEQUENCE_END

2 2 2 12 12 12 12 12 12 2
4 13 12 4 14 2 15 5 5 SEQUENCE_END

9 9 11 9 11 11 11 12 11 11 11 11 11 11 11 11 11 11 11 11 11 12 11 11 11 11 2 17 11 17 11 11 11 11 SEQUENCE_END SEQUENCE_END SEQUENCE_END 2 11 11 11
20 4 19 4 13 6 14 5 11 7 5 8 4 4 21 4 19 4 15 6 13 5 11 7 5 5 2 4 21 4 19 4 15 6 14 5 5 11 7 5 5

11 11 11 12 12 2
4 13 12 14 5 SEQUENCE_END

11 11 11 11 11 12 11 12 11 12 12 12 12 12
4 4 13 9 14 5 2 4 13 12 15 5 5 SEQUENCE_END

11 11 11 2 12 2
4 13 9 14 5 SEQUENCE_END

12 11 12 12 12 12
4 13 12 14 5 SEQUENCE_END

7 11 11 11 11 12 2 2 11 11
4 4 14 6 13 5 11 7 5 SEQUENCE_END

11 11 11 11 12 11
4 13 12 14 5 SEQUENCE_END

7 11 11 11 12 12 12 12 12 12 12 12 2 2
4 4 13 12 14 5 2 4 13 9 15 5 5 SEQUENCE_END

====================================================================================================

