Prediction followed by Target @ Step 1
====================================================================================================
12 16 16 16 12 SEQUENCE_END 12 14 12 16 11 11 11 11
4 4 13 9 14 5 18 4 13 12 15 5 5 SEQUENCE_END

16 16 16 16 16 16 14 16 11 11
4 13 12 4 14 2 15 5 5 SEQUENCE_END

16 16 16 0 UNK UNK
4 13 9 14 5 SEQUENCE_END

13 16 16 13 13 16 16 12 14 12 2 UNK 12 12 14 12 12 12 20 16 12 12
4 4 13 12 4 14 2 15 5 5 3 4 4 14 2 15 5 12 13 5 5 SEQUENCE_END

19 12 12 16 19 16 2 12 12 12 12 12 2 12 12 12 12 12 12 12 12
4 4 13 11 14 5 2 4 21 4 13 11 4 21 0 14 5 5 5 5 SEQUENCE_END

9 19 11 14 14 14 14 9 2 2
4 13 11 4 7 3 7 5 5 SEQUENCE_END

21 21 21 20 4 20
4 13 12 14 5 SEQUENCE_END

6 6 6 5 14 6
4 13 9 14 5 SEQUENCE_END

9 19 19 19 11 11 19 13 9 9 11 11 0 9 9 2 2
4 21 4 4 13 11 7 5 3 4 13 11 7 5 5 5 SEQUENCE_END

13 12 5 5 5 6
4 13 9 14 5 SEQUENCE_END

6 6 6 6 6 5 2 14 5 6
4 4 13 2 14 5 9 15 5 SEQUENCE_END

6 6 16 6 6 6 6 6 6 6
4 4 13 2 14 5 9 15 5 SEQUENCE_END

6 6 6 6 14 6
4 13 9 14 5 SEQUENCE_END

19 19 16 16 11 19 19 2 6
4 21 4 13 11 7 5 5 SEQUENCE_END

6 12 16 0 0 0 0 0 4 4 4 2 4 4
4 4 15 6 4 13 3 14 5 5 11 7 5 SEQUENCE_END

6 16 16 16 16 14 14 2 2 2 2
4 19 4 13 6 14 5 11 7 5 SEQUENCE_END

2 16 16 16 16 16 2 2 2 2
4 4 13 3 14 5 11 7 5 SEQUENCE_END

6 6 5 6 14 6
4 13 12 14 5 SEQUENCE_END

19 16 14 14 14 11 9 2 2
4 21 4 13 12 7 5 5 SEQUENCE_END

5 5 5 20 5 12
4 13 12 14 5 SEQUENCE_END

2 12 12 16 12 12 2 12 12 2
4 4 13 6 14 5 10 7 5 SEQUENCE_END

6 6 6 6 6 6
4 13 9 14 5 SEQUENCE_END

16 12 12 16 0 14 2 6 12 12 11 11 2 2
4 4 13 9 14 5 18 4 13 12 15 5 5 SEQUENCE_END

12 12 12 12 12 12
4 13 12 14 5 SEQUENCE_END

6 6 12 11 6 14 6 6 6 6
4 4 13 2 14 5 9 15 5 SEQUENCE_END

6 12 6 12 12 12 14 12 6 2 2
4 19 4 13 6 14 5 11 7 5 SEQUENCE_END

4 19 13 20 13 14 4 14 20 20
4 13 12 4 14 2 15 5 5 SEQUENCE_END

19 19 19 2 2 2
4 13 11 7 5 SEQUENCE_END

16 16 5 20 20 20
4 13 12 14 5 SEQUENCE_END

12 12 12 12 16 12
4 13 12 14 5 SEQUENCE_END

12 16 12 16 12 12 12 12 12 16 11 11 11 11 12 11 11 6 12 12
4 4 13 9 14 5 2 4 13 12 15 5 2 4 13 12 16 5 5 SEQUENCE_END

12 12 12 12 12 11 14 11 2
4 21 4 13 12 14 5 5 SEQUENCE_END

====================================================================================================

