Prediction followed by Target @ Step 101
====================================================================================================
4 4 5 5 5 5 5 5 5 5
4 13 9 4 14 2 15 5 5 SEQUENCE_END

4 4 5 5 5 5
4 13 12 14 5 SEQUENCE_END

4 4 5 5 5 5 5 5 5 5
4 4 13 2 14 5 9 15 5 SEQUENCE_END

4 4 5 5 5 5
4 13 9 14 5 SEQUENCE_END

4 4 5 5 5 5
4 13 12 14 5 SEQUENCE_END

4 4 5 5 5 5 5 5 5 5 5 5 5 5 5 5 5 5 5 5 5
4 4 21 4 4 13 3 14 3 15 5 11 4 7 3 7 5 5 5 5 SEQUENCE_END

4 4 5 5 5 5 5 5 5 5
4 13 11 4 7 3 7 5 5 SEQUENCE_END

4 4 5 5 5 5
4 13 12 14 5 SEQUENCE_END

====================================================================================================

