Prediction followed by Target @ Step 4601
====================================================================================================
4 4 4 14 6 13 5 11 7 5 8 4 4 13 6 14 5 11 7 5 5 SEQUENCE_END
4 4 4 14 6 13 5 11 7 5 3 4 4 13 6 14 5 11 7 5 5 SEQUENCE_END

4 19 13 6 14 14 3 14 5 5 11 7 5 SEQUENCE_END
4 4 15 6 4 13 3 14 5 5 11 7 5 SEQUENCE_END

4 13 12 14 5 SEQUENCE_END
4 13 12 14 5 SEQUENCE_END

4 21 4 4 13 11 7 5 11 4 13 11 7 5 5 5 SEQUENCE_END
4 21 4 4 13 11 7 5 3 4 13 11 7 5 5 5 SEQUENCE_END

4 21 4 13 11 7 5 5 SEQUENCE_END
4 21 4 13 11 7 5 5 SEQUENCE_END

4 4 21 4 4 13 3 14 3 15 5 11 7 7 3 7 5 5 5 5 SEQUENCE_END
4 4 21 4 4 13 3 14 3 15 5 11 4 7 3 7 5 5 5 5 SEQUENCE_END

20 4 13 11 7 5 8 4 14 11 7 5 SEQUENCE_END
20 4 13 11 7 5 8 4 14 11 7 5 SEQUENCE_END

4 21 4 13 11 7 5 5 SEQUENCE_END
4 21 4 13 11 7 5 5 SEQUENCE_END

====================================================================================================

