Prediction followed by Target @ Step 3201
====================================================================================================
4 4 4 13 6 14 5 11 7 5 5
4 19 4 13 6 14 5 11 7 5 SEQUENCE_END

4 4 13 13 6 14 5 11 7 5 5 4 4 13 6 14 5 11 7 5 5 SEQUENCE_END
4 4 4 14 6 13 5 11 7 5 3 4 4 13 6 14 5 11 7 5 5 SEQUENCE_END

4 13 12 14 5 SEQUENCE_END
4 13 12 14 5 SEQUENCE_END

4 13 12 14 5 SEQUENCE_END
4 13 12 14 5 SEQUENCE_END

4 4 13 6 13 5 12 7 5 SEQUENCE_END
4 4 7 6 13 5 12 7 5 SEQUENCE_END

4 13 9 4 14 2 15 5 5 SEQUENCE_END
4 13 9 4 14 2 15 5 5 SEQUENCE_END

4 4 13 9 14 5 2 4 13 9 15 5 5 SEQUENCE_END
4 4 13 12 14 5 2 4 13 9 15 5 5 SEQUENCE_END

4 4 13 12 14 5 2 4 13 12 15 5 5 SEQUENCE_END
4 4 13 12 14 5 18 4 13 12 15 5 5 SEQUENCE_END

====================================================================================================

