Prediction followed by Target @ Step 1
====================================================================================================
10 10 9 16 18 18 18 16 16 18
4 4 13 6 14 5 11 7 5 SEQUENCE_END

10 10 10 16 8 8 8 16 8 8
4 13 9 4 14 2 15 5 5 SEQUENCE_END

10 8 8 14 14 8 8 8 8 14 14 16 5 14
4 4 13 9 14 5 18 4 13 12 15 5 5 SEQUENCE_END

10 16 16 14 14 14 16 16 16 9 UNK 18 18
4 21 4 4 13 3 14 5 11 7 5 5 SEQUENCE_END

10 10 16 16 8 8 8 16 8 8
4 13 9 4 14 2 15 5 5 SEQUENCE_END

10 10 16 12 12 16
4 13 12 14 5 SEQUENCE_END

10 10 3 18 13 13 18 13 13 13
4 4 13 2 14 5 9 15 5 SEQUENCE_END

10 16 16 16 12 8
4 13 9 14 5 SEQUENCE_END

16 16 16 16 16 UNK 13 16 3 12 12 UNK 13
20 4 13 11 7 5 8 4 14 11 7 5 SEQUENCE_END

16 9 16 16 16 16 16 18 16 18
4 4 7 6 13 5 12 7 5 SEQUENCE_END

10 10 10 19 14 12 SEQUENCE_END 10 SEQUENCE_END 8
4 13 12 4 14 2 15 5 5 SEQUENCE_END

10 UNK 19 14 16 16 18 18 14 14 10 10 10 18 10 10 18
20 4 13 9 14 5 8 4 4 14 6 13 5 11 7 5 SEQUENCE_END

1 9 UNK 9 9 9 9 9 18
4 21 4 13 11 7 5 5 SEQUENCE_END

16 16 16 16 16 18
4 13 12 14 5 SEQUENCE_END

10 10 6 6 UNK 10 10 18 18 6 18 18 18 15 18 18 18 18 18 18 18 18
4 4 4 14 6 13 5 11 7 5 3 4 4 13 6 14 5 11 7 5 5 SEQUENCE_END

10 10 UNK 9 6 9 9 19 19
4 21 4 13 11 7 5 5 SEQUENCE_END

10 8 16 16 12 18
4 13 9 14 5 SEQUENCE_END

9 16 16 9 9 19 16 19 19 19
4 13 11 4 7 3 7 5 5 SEQUENCE_END

10 10 10 10 19 19 10 10 10 5 5
4 4 13 12 4 14 2 15 5 5 SEQUENCE_END

9 9 16 18 9 18
4 13 12 14 5 SEQUENCE_END

10 10 10 16 16 8
4 13 9 14 5 SEQUENCE_END

16 16 16 16 18 16 18 13 16 16 16 16 18 18
4 4 13 12 14 5 2 4 13 9 15 5 5 SEQUENCE_END

10 10 14 14 6 6 19 13 13 5
4 4 13 2 14 5 9 15 5 SEQUENCE_END

8 8 16 16 16 18
4 13 12 14 5 SEQUENCE_END

10 10 16 16 16 16 18 18 17 18
4 4 13 2 14 5 12 15 5 SEQUENCE_END

9 9 16 9 9 9
4 13 11 7 5 SEQUENCE_END

10 19 19 19 9 9 13 13 19 12 9 9 SEQUENCE_END
20 4 13 11 7 5 8 4 14 11 7 5 SEQUENCE_END

10 10 10 16 8 8 8 SEQUENCE_END 8 8 8 16 8 8
4 4 13 9 14 5 2 4 14 9 15 5 5 SEQUENCE_END

2 12 12 12 12 12 12 12 12 12 12 3 12 16 8 8 8 5 13 18
20 4 13 12 14 5 8 4 4 21 4 15 3 16 5 5 12 17 5 SEQUENCE_END

10 14 14 10 3 16 16 16 16 SEQUENCE_END
4 13 11 4 14 18 15 5 5 SEQUENCE_END

10 10 16 16 16 16
4 13 9 14 5 SEQUENCE_END

10 10 16 16 15 16 10 16 15 15
4 13 11 4 14 18 15 5 5 SEQUENCE_END

====================================================================================================

