1 49 52 9 11 2 7 3
1 34 50 2
8 31 0 30 50 1
1 15 50 11 2 7 3
1 7 2 14
1 13 50 2
1 49 52 9 2 7 6 3
1 0 0 0 42 0
26 1 15 50 2 51 3 15 50 1
1 25 50 2
1 34 50 2
1 49 52 9 2
1 40 50 11 2 7 3
1 24 50 2
1 25 50 2
1 19 7 2 44
1 9 2
1 0
1 24 50 2
1 39 30 50 2
1 9 2
1 49 52 9 2 12 6 3
1 16 11 2 7 3 12 54 4
1 49 52 9 2
1 49 52 6 2
1 25 50 2
1 15 50 2
17 1 42 2 27 9 3
1 9 2
26 1 39 0 28 0
1 0
1 15 50 2 7 3
1 15 50 2 12 30 50 3
1 6 11 2 7 3
1 30 50 2 7 15 50 3
1 7 2 9 3
1 39 0
1 7 2 47 7 37 18
1 9 2
35 1 38 2 0
1 34 50 2
1 15 50 2 12 30 50 3
0 7 0 39 17 3 4 42 5
1 0 26 12 41 26 2 9 3
1 49 52 9 2
1 34 50 2
1 36 53 2
34 1 50 2
1 49 52 9 2
1 15 50 2
1 2 7 3 37 33 43 46 39 14
1 6 2 12 9 3
1 39 0
1 7 2 32 50 3
26 1 15 50 2 28 27 9 2
1 49 52 6 2
1 49 52 9 2
1 49 52 6 17 2 42 3 12 39 11
1 17 27 9 42 27 6 2
1 25 50 2
1 21 50 2 12 34 50 3 7 34 50 3
1 7 2 11 40 50 3
1 9 2
1 9 2
1 17 0 42 0
1 25 50 2
1 29 0
26 1 0 2 0
1 7 2 15 50 3
1 17 0 42 0
1 34 50 2
1 24 50 2
20 0 10 1 7 2 45 55 1 9 2 42 55 1 6 2
1 13 50 11 2 7 3
1 27 9 2
26 1 34 50 2 51 35 3 38 4 34 50 5
1 25 50 2
1 7 2 14
11 1 7 2 49 52 9 3
1 25 50 2
1 27 6 2
1 15 50 2 42 15 50 3 12 39 11
1 9 2
1 30 50 2
1 34 50 2
1 15 50 2 7 2 15 50 3
1 9 2
1 13 50 2 20 0 10
1 7 2 32 50 3
1 15 50 2
1 27 9 17 2 42 3
1 30 50 2
17 1 7 2 14 42 1 7 3 14 12 39 11
1 24 50 11 2 7 3
26 1 0 2 0
1 9 2
1 49 52 6 2
1 17 49 52 9 2 42 49 52 6 2 12 39 11
1 36 53 17 2 42 3
1 9 2
17 1 15 50 2 42 28 30 50 3 12 39 11
1 39 22
1 34 50 2
1 34 50 2
1 7 2 47 7 37 18
1 39 0
17 1 42 2 0
17 1 40 50 11 2 7 3 42 11 2 7 3 40 50 1
1 47 17 2 42 3 12 39 11
8 31 0 30 50 1
26 1 0 2 0
1 34 50 2
1 25 50 11 2 7 3
1 39 0
1 15 50 2
1 39 36 53 2
1 23 0
25 1 50 2
1 37 30 50 0
1 36 6 2
1 39 0 42 29
1 39 0
1 49 52 9 2 12 49 52 6 3