Prediction followed by Target @ Step 101
====================================================================================================
4 4 4 4 5 5 5 5 5 5
4 4 14 6 13 5 11 7 5 SEQUENCE_END

4 4 4 4 4 5 5 5 5 5 5
4 19 4 13 6 14 5 11 7 5 SEQUENCE_END

4 4 4 4 5 5
4 13 9 14 5 SEQUENCE_END

4 4 4 4 5 5 5 5 5 5
4 4 13 6 7 5 9 7 5 SEQUENCE_END

4 4 4 4 5 5
4 13 9 14 5 SEQUENCE_END

4 4 4 4 5 5
4 13 12 14 5 SEQUENCE_END

4 4 4 4 5 5
4 13 12 14 5 SEQUENCE_END

4 4 4 4 4 5 5 5 5 5 5 5 5 5
4 4 13 9 14 5 18 4 13 12 15 5 5 SEQUENCE_END

4 4 4 4 4 5 5 5 5 5 5 5 5 5 5 5 5 5 5 5 5 5
4 4 13 12 4 14 2 15 5 5 3 4 4 14 2 15 5 12 13 5 5 SEQUENCE_END

4 4 4 4 5 5
4 13 9 14 5 SEQUENCE_END

4 4 4 4 4 5 5 5 5 5 5 5 5 5
4 13 11 4 7 3 7 3 7 3 7 5 5 SEQUENCE_END

4 4 4 4 4 5 5 5 5 5 5
4 19 4 13 6 14 5 11 7 5 SEQUENCE_END

4 4 4 4 4 5 5 5 5 5 5 5 5
20 4 13 9 14 5 8 4 15 9 13 5 SEQUENCE_END

4 4 4 4 5 5
4 13 9 14 5 SEQUENCE_END

4 4 4 4 5 5
4 13 12 14 5 SEQUENCE_END

4 4 4 4 5 5
4 13 9 14 5 SEQUENCE_END

4 4 4 4 5 5
4 13 9 14 5 SEQUENCE_END

4 4 4 4 5 5
4 13 12 14 5 SEQUENCE_END

4 4 4 4 5 5
4 13 12 14 5 SEQUENCE_END

4 4 4 4 4 5 5 5 5 5
4 13 9 4 14 1 15 5 5 SEQUENCE_END

4 4 4 4 5 5 5 5 5 5
4 4 7 6 13 5 12 7 5 SEQUENCE_END

4 4 4 4 5 5 5 5 5 5 5
4 19 4 13 6 14 5 11 7 5 SEQUENCE_END

4 4 4 4 4 5 5 5 5 5 5 5 5 5 5 5 5 5 5 5 5 5
4 4 13 12 4 14 2 15 5 5 3 4 4 14 2 15 5 12 13 5 5 SEQUENCE_END

4 4 4 4 5 5 5 5 5
4 21 4 13 11 7 5 5 SEQUENCE_END

4 4 4 4 5 5 5 5 5 5
4 4 13 6 7 5 9 7 5 SEQUENCE_END

4 4 4 4 4 5 5 5 5 5
4 4 14 6 13 5 11 7 5 SEQUENCE_END

4 4 4 4 5 5
4 13 9 14 5 SEQUENCE_END

4 4 4 4 4 5 5 5 5 5 5 5 5
20 4 13 9 14 5 8 4 15 9 13 5 SEQUENCE_END

4 4 4 4 4 5 5 5 5 5 5 5 5
4 21 4 4 13 3 14 5 11 7 5 5 SEQUENCE_END

4 4 4 4 4 5 5 5 5 5
4 13 9 4 14 2 15 5 5 SEQUENCE_END

4 4 4 4 5 5
4 13 12 14 5 SEQUENCE_END

4 4 4 4 4 5 5 5 5 5 5 5 5
20 4 13 11 7 5 8 4 14 11 7 5 SEQUENCE_END

====================================================================================================

